10/27/22 17:19

Problem 1 (5 points):
Score += 5

Problem 2 (5 points):
Score += 5

Problem 3 (10 points):
Score += 10

Problem 4 (10 points):
Score += 10

Problem 5 (5 points):
power_method() failed (dominant eigenvalue)
	Correct response:
(2.28607606847544+0j)
	Student response:
[[4.66e-05 3.27e-05 0.005 9.63e-05]
 [2.42e-05 1.92e-05 0.00147 6.46e-05]
 [0.00891 0.00519 1.5 0.0111]
 [8.39e-05 5.22e-05 0.0104 0.000179]]
power_method() failed (Ax != eig * x)
	Correct response:
[[0.00493 0.00391 0.298 0.0132]
 [0.00472 0.00294 0.586 0.0101]
 [0.00627 0.00365 1.06 0.00668]
 [0.00634 0.0037 1.06 0.00915]]
	Student response:
[[2.49e-07 1.6e-07 0 0]
 [4.17e-10 4.18e-10 0 1.15e-06]
 [1.25e-05 3.1e-11 1.11 6.86e-08]
 [1.51e-07 1.74e-10 0.00702 1.93e-09]]
power_method() failed (dominant eigenvalue)
	Correct response:
(3.1673298399916128+0j)
	Student response:
[[1.6 0.013 0.011 0.391 0.0406 0.000792]
 [0.0282 0.000532 5.92e-05 0.0078 0.00105 3.81e-05]
 [0.01 3.64e-05 3.35e-05 0.00154 0.000144 1.8e-06]
 [0.37 0.00423 0.00376 0.104 0.0106 0.00027]
 [0.0457 0.000336 0.000475 0.0138 0.00134 1.82e-05]
 [0.00202 3.82e-05 3.16e-06 0.000563 7.63e-05 2.74e-06]]
power_method() failed (Ax != eig * x)
	Correct response:
[[1.14 0.0184 0.00925 0.276 0.0337 0.0013]
 [1.07 0.0203 0.0015 0.3 0.0407 0.00146]
 [1 0.00365 0.00362 0.197 0.0189 0.000159]
 [0.796 0.00252 0.00244 0.107 0.00956 0.000121]
 [0.59 0.0169 0.00827 0.147 0.0116 0.00121]
 [0.871 0.00638 0.00905 0.262 0.0255 0.000346]]
	Student response:
[[0.513 2.63e-05 2.48e-06 0.0314 2.2e-11 3.39e-08]
 [0.0011 1.27e-05 7e-12 0 0 7.01e-08]
 [0.00642 0 9.05e-08 0 0 0]
 [1e-05 0 3.34e-05 0 0 0]
 [6.04e-06 1.86e-07 1e-12 0.000776 1.08e-07 0]
 [0.00127 0 0 0.000159 4e-06 0]]
power_method() failed (dominant eigenvalue)
	Correct response:
(5.068602585044404+0j)
	Student response:
[[0.09 0.107 0.0943 0.0435 0.00579 0.000404 0.00257 0.109 0.00399 0.43]
 [0.0544 0.0965 0.0336 0.0336 0.00655 9.3e-05 0.00626 0.0223 0.00135 0.0893]
 [0.0986 0.0662 0.104 0.0577 0.00819 0.000212 0.00443 0.133 0.00391 0.345]
 [0.0697 0.0224 0.0584 0.0287 0.0042 9.51e-05 0.00253 0.0812 0.00268 0.192]
 [0.012 0.00395 0.0109 0.006 0.000883 2.26e-05 0.000522 0.0138 0.000461 0.0353]
 [0.000275 0.000323 0.000235 4.52e-05 1.48e-05 8.13e-07 2.5e-05 0.000345 1.06e-05 0.00087]
 [0.0092 0.00405 0.01 0.00656 0.00096 2.66e-05 0.00054 0.0112 0.000362 0.031]
 [0.0902 0.103 0.115 0.0604 0.0083 0.000152 0.00495 0.173 0.00411 0.29]
 [0.00303 0.00454 0.00318 0.00141 0.000194 1.28e-05 0.000108 0.00412 0.000136 0.014]
 [0.266 0.295 0.286 0.0675 0.0138 0.000736 0.0178 0.411 0.0113 0.993]]
power_method() failed (Ax != eig * x)
	Correct response:
[[0.249 0.288 0.214 0.0307 0.012 0.000753 0.0224 0.325 0.00982 0.807]
 [0.0859 0.0437 0.147 0.108 0.0138 0.000478 0.00587 0.198 0.00474 0.426]
 [0.161 0.122 0.231 0.048 0.00581 6.75e-05 0.00527 0.366 0.00796 0.535]
 [0.0842 0.239 0.0269 0.0201 0.00831 0.000705 0.0131 0.126 0.00257 0.659]
 [0.2 0.32 0.207 0.0756 0.00904 0.00105 0.00267 0.249 0.0094 1.09]
 [0.319 0.112 0.342 0.221 0.0326 0.00095 0.0187 0.367 0.0124 1.08]
 [0.302 0.096 0.251 0.122 0.0179 0.000402 0.0108 0.349 0.0116 0.825]
 [0.217 0.291 0.276 0.203 0.0271 0.000435 0.0128 0.408 0.00973 0.682]
 [0.144 0.264 0.0856 0.0956 0.0183 0.000228 0.0169 0.0467 0.00338 0.215]
 [0.161 0.197 0.251 0.136 0.0194 0.000766 0.00971 0.239 0.00625 0.997]]
	Student response:
[[1.41e-05 0.00201 6.85e-09 0 3.96e-08 4.14e-07 0 0.004 6.42e-06 0.268]
 [7.55e-09 1.18e-08 0 0.000214 0 0 6.4e-11 7.25e-08 0 0]
 [0 6.64e-06 0.000243 0 2.55e-09 0 0 0.0209 0 0.135]
 [4.44e-06 2e-12 1.89e-06 0 0 5.2e-11 0 0 8.8e-08 0]
 [0.00358 0 7.76e-06 0 2.9e-08 0 0 3.2e-11 4.48e-06 0.0042]
 [2.58e-05 0 1.06e-06 1.57e-10 1.87e-07 1.7e-11 6.55e-07 1.81e-06 0 3.23e-07]
 [1.3e-11 0 0.00202 0.0015 2.52e-05 0 1.2e-10 5.05e-06 0 1.92e-05]
 [4e-11 2.89e-06 0.0087 6.4e-09 8.56e-08 0 1.87e-05 0.0432 1.16e-05 0]
 [0 0.00157 0 1.01e-06 0 1.21e-09 0 0 7.26e-08 0]
 [0.000163 7.36e-07 0.0346 0 1.09e-10 0 2.08e-08 0 5.31e-09 0.149]]
Score += 0

Problem 6 (10 points):
Score += 10

Code Quality (5 points):
Score += 5

Total score: 45/50 = 90.0%

Great job!


Comments:
	Let me know if you have questions on 5

-------------------------------------------------------------------------------

11/01/22 09:16

Problem 1 (5 points):
Score += 5

Problem 2 (5 points):
Score += 5

Problem 3 (10 points):
Score += 10

Problem 4 (10 points):
Score += 10

Problem 5 (5 points):
Score += 5

Problem 6 (10 points):
Score += 10

Code Quality (5 points):
Score += 5

Total score: 50/50 = 100.0%

Excellent!

-------------------------------------------------------------------------------

